<?xml version="1.0" encoding="UTF-8"?>
<document version="1.5.0">
  <chunk label="Chunk 1" enabled="true">
    <sensors next_id="1">
      <sensor id="0" label="unknown" type="frame">
        <resolution width="360" height="480"/>
        <property name="layer_index" value="0"/>
        <bands>
          <band label="Red"/>
          <band label="Green"/>
          <band label="Blue"/>
        </bands>
        <data_type>uint8</data_type>
        <calibration type="frame" class="adjusted">
          <resolution width="360" height="480"/>
          <f>407.101683005226</f>
        </calibration>
        <covariance>
          <params>f</params>
          <coeffs>2.4618012707438520e+01</coeffs>
        </covariance>
      </sensor>
    </sensors>
    <cameras next_id="5" next_group_id="0">
      <camera id="0" sensor_id="0" label="3A14D0D87B2AB47FFF580EF593FD2E50">
        <transform>9.2273125756816077e-01 -9.1747628928256497e-03 -3.8533472466485824e-01 3.4768146696724109e+00 -1.0067985654715214e-02 -9.9994927143107781e-01 -3.0038194512652799e-04 -5.2587382134840495e-02 -3.8531242125259624e-01 4.1567162901668987e-03 -9.2277682011315432e-01 -5.2266145741566805e-01 0 0 0 1</transform>
      </camera>
      <camera id="1" sensor_id="0" label="400D611A902722E5EE80015D65221E78">
        <transform>9.9838503983484550e-01 -2.3253209818103523e-03 -5.6761827985939026e-02 1.3897701262261186e-01 -2.4966362299090640e-03 -9.9999253975020352e-01 -2.9474143707518899e-03 3.7171315725527961e-02 -5.6754550844044960e-02 3.0843680501784973e-03 -9.9838339711366508e-01 1.4292457140625738e-02 0 0 0 1</transform>
        <rotation_covariance>2.2641618238554876e-06 4.0835052442834188e-06 -3.2150339590255674e-07 4.0835052442834188e-06 5.4413141655612339e-05 -4.2310989281729484e-06 -3.2150339590255685e-07 -4.2310989281729484e-06 2.9544222877550474e-06</rotation_covariance>
        <location_covariance>4.6901014374413856e-04 -1.5276883823172634e-04 -2.4150669725512541e-04 -1.5276883823172634e-04 1.5138813778096637e-04 7.6023940007750079e-05 -2.4150669725512541e-04 7.6023940007750079e-05 2.4239166003421639e-04</location_covariance>
      </camera>
      <camera id="2" sensor_id="0" label="6417091656E867141104E628E294736B">
        <transform>9.3691156250246721e-01 1.4652290410138800e-02 -3.4925926535300794e-01 3.4429235878496449e+00 1.5368386522449276e-02 -9.9988163958540388e-01 -7.2077437609779915e-04 -2.7370452449798650e-02 -3.4922848787703797e-01 -4.6922495395699537e-03 -9.3702585132395155e-01 -5.2943246970616531e-01 0 0 0 1</transform>
        <rotation_covariance>1.2238571566299044e-06 -1.3354802761421035e-06 -8.0229429793599532e-08 -1.3354802761421037e-06 1.7668535270633539e-06 5.3952609667338631e-08 -8.0229429793599546e-08 5.3952609667338565e-08 2.8706811705009389e-07</rotation_covariance>
        <location_covariance>1.3043364202698895e-04 -1.0127204462069176e-04 6.5851671002783500e-06 -1.0127204462069176e-04 7.9579840450743727e-05 -4.6775039386415184e-06 6.5851671002783500e-06 -4.6775039386415184e-06 3.7594492892302540e-06</location_covariance>
      </camera>
      <camera id="3" sensor_id="0" label="BE53288782E6729317DFF21BD372AF95">
        <transform>9.9777584277006248e-01 -2.5510668371212533e-02 6.1583872756953845e-02 -8.3196233054631785e-01 -2.4362298516160095e-02 -9.9951636019533707e-01 -1.9326771920701494e-02 9.4965754124517132e-02 6.2047127213918356e-02 1.7783461449316765e-02 -9.9791477717457444e-01 3.0926342787856914e-01 0 0 0 1</transform>
        <rotation_covariance>2.7593500573926555e-06 5.4523787223955773e-06 -3.4919655817984700e-07 5.4523787223955773e-06 5.9287906932919467e-05 -3.0883997741727191e-06 -3.4919655817984700e-07 -3.0883997741727199e-06 3.0927934163367436e-06</rotation_covariance>
        <location_covariance>1.7002641420627816e-03 -3.6917204329557608e-04 -9.2782967615271696e-04 -3.6917204329557608e-04 1.9693777270120158e-04 1.9399152873172577e-04 -9.2782967615271696e-04 1.9399152873172577e-04 7.8286940323832592e-04</location_covariance>
      </camera>
      <camera id="4" sensor_id="0" label="E3514AA20F4D361ED1163EF0C254E1A9">
        <transform>9.8478628128634804e-01 -7.6616296742830318e-04 -1.7376821684218680e-01 1.2580301541554300e+00 1.1210006650273097e-03 -9.9994146146147100e-01 1.0761831061995186e-02 -3.1657701867417015e-01 -1.7376629002115140e-01 -1.0792897878014407e-02 -9.8472777446748216e-01 4.8043804625599851e-01 0 0 0 1</transform>
        <rotation_covariance>2.1122606997549934e-06 4.0636596886081697e-06 -3.1836317793886914e-07 4.0636596886081697e-06 5.1226481461395187e-05 -4.9623792943028488e-06 -3.1836317793886909e-07 -4.9623792943028488e-06 2.7443824065619283e-06</rotation_covariance>
        <location_covariance>6.8772493835035918e-05 -3.1220731179659417e-05 1.4390336592699841e-04 -3.1220731179659417e-05 1.2671260156159816e-04 -3.5710576211263188e-05 1.4390336592699841e-04 -3.5710576211263188e-05 3.0890588309612075e-04</location_covariance>
      </camera>
    </cameras>
    <reference>LOCAL_CS["Local Coordinates (m)",LOCAL_DATUM["Local Datum",0],UNIT["metre",1,AUTHORITY["EPSG","9001"]]]</reference>
    <region>
      <center>-1.1160630158516123e+00 -9.4684069208146315e-02 -1.3202437450842272e+01</center>
      <size>3.9188552618026733e+01 1.4444314336776733e+01 1.3490515851974488e+01</size>
      <R>-1.5869108117810807e-01 5.6910632249108278e-02 -9.8568672543132596e-01 -9.3658122021204437e-01 -3.2462345972292550e-01 1.3204252096819422e-01 -3.1246241166041228e-01 9.4412964646521136e-01 1.0481627719411783e-01</R>
    </region>
    <settings>
      <property name="accuracy_tiepoints" value="1"/>
      <property name="accuracy_cameras" value="10"/>
      <property name="accuracy_cameras_ypr" value="10"/>
      <property name="accuracy_markers" value="0.005"/>
      <property name="accuracy_scalebars" value="0.001"/>
      <property name="accuracy_projections" value="0.5"/>
    </settings>
    <meta>
      <property name="AlignCameras/adaptive_fitting" value="true"/>
      <property name="AlignCameras/cameras" value=""/>
      <property name="AlignCameras/duration" value="0.345713"/>
      <property name="AlignCameras/min_image" value="2"/>
      <property name="AlignCameras/ram_used" value="1560576"/>
      <property name="AlignCameras/reset_alignment" value="false"/>
      <property name="AlignCameras/subdivide_task" value="true"/>
      <property name="OptimizeCameras/sigma0" value="0.158463087388751"/>
    </meta>
  </chunk>
</document>
